0.
0.009950326391027785
0.01980261065224414
0.029558784895586946
0.039220695433831776
0.048790147199491866
0.058268892350161604
0.06765863465572683
0.07696102788330134
0.0861776833825387
0.0953101674430184
0.10436000345355027
0.1133286738049051
0.1222176225272768
0.13102825324235196
0.13976193297374534
0.14841999371989972
0.15700373651825658
0.16551442634114283
0.17395329488069186
0.18232154472460765
0.19062034772139472
0.19885084691062777
0.20701415781880528
0.21511136823498453
0.22314354007179515
0.23111171002937464
0.23901688972383664
0.24686006739177904
0.2546422081418358
0.26236425424772947
0.27002712687344055
0.27763172643082995
0.2851789325293893
0.2926696051969018
0.30010458477600943
0.30748469268953577
0.3148107331294941
0.3220834929779211
0.3293037415060226
0.33647223135422677
0.34358969941178685
0.3506568669919026
0.35767444001595267
0.3646431096246967
0.37156355274153763
0.3784364323417356
0.38526239772487436
0.39204208497831405
0.39877611742252733
0.40546510586703927
0.4121096488764195
0.4187103331635479
0.42526773396742407
0.43178241527444905
0.4382549300601622
0.4446858206386372
0.4510756190412597
0.4574248471954524
0.4637340169626233
0.4700036304817996
0.4762341805508106
0.4824261510012546
0.48858001685658464
0.4946962442691506
0.5007752907662544
0.5068176055522035
0.512823629809223
0.5187937969735475
0.5247285327719874
0.530628255257115
0.5364933750489165
0.5423242955926694
0.5481214134161679
0.5538851183026224
0.5596157932606322
0.5653138146582654
0.5709795524333136
0.5766133703030074
0.5822156259669449
0.5877866711834682
0.5933268517818634
0.598836507819116
0.6043159737555294
0.6097655786302174
0.6151856462105649
0.6205764950073849
0.6259384383425297
0.6312717844947081
0.6365768368473286
0.6418538940343073
0.6471032500166175
0.6523251941105723
0.6575200111030508
0.6626879813621923
0.6678293809468469
0.6729444817097171
0.6780335513429542
0.6830968534363244
0.6881346475839537
0.6931471894941666