1.
1.0100500141569237
1.0201999938555715
1.030449909749625
1.0407996842288707
1.051249207321986
1.0617983367620663
1.0724468944421046
1.0831946700808803
1.0940414134701
1.1049868396530809
1.1160306287657429
1.127172420915645
1.1384118182672396
1.1497483823648276
1.1611816353638635
1.1727110562453904
1.1843360832253198
1.1960561145205564
1.2078705029780517
1.2197785568206045
1.2317795383534917
1.2438726618731928
1.256057098375054
1.2683319734973368
1.2806963629738195
1.2931492937045903
1.3056897442206732
1.3183166435691034
1.3310288696670645
1.3438252493510108
1.356704558548942
1.3696655211345683
1.3827068076042077
1.3958270353398066
1.409024768877178
1.4222985184573973
1.4356467389648648
1.4490678306005234
1.4625601396752048
1.476121956635744
1.489751514234302
1.5034469882812107
1.5172064985672526
1.531028109669862
1.54490982936366
1.5588496076358345
1.5728453376836944
1.586894855637974
1.6009959402293383
1.615146312530754
1.6293436364259157
1.6435855189280004
1.6578695102099585
1.6721931037467463
1.6865537364584695
1.700948789087809
1.7153755867212066
1.7298313983250786
1.7443134374004639
1.7588188628904253
1.7733447800853805
1.7878882411913128
1.8024462450711765
1.817015737848784
1.8315936139373858
1.8461767170690224
1.8607618413195401
1.8753457318666038
1.8899250853354863
1.9044965508248384
1.9190567311982378
1.9336021843785984
1.948129424611588
1.9626349233523428
1.9771151102317046
1.9915663745092602
2.005985066561262
2.02036749936835
2.034709949950078
2.049008660643954
2.0632598407017317
2.077459667974707
2.0916042905816763
2.1056898285757892
2.1197123755615777
2.1336680005564324
2.1475527500430815
2.1613626497905147
2.175093706654339
2.1887419103724253
2.202303235464929
2.2157736437928346
2.2291490867925865
2.2424255073702204
2.255598841788146
2.268665021553399
2.281619975794883
2.2944596343833616
2.3071799301290348
2.3197768006991053
2.3322461905346445
2.3445840528311948
2.3567863526062642
2.3688490700203415
2.3807682024209162
2.392539766231338
2.4041597988391445
2.415624360761297
2.426929539447503
2.4380714523747367
2.449046248908769
2.459850112105745
2.4704792605195203
2.480929950745158
2.491198481692378
2.5012811971611844
2.511174487512483
2.5208747913253435
2.5303785971068518
2.5396824464071828
2.548782938038162
2.557676730040848
2.566360541147249
2.574831152241236
2.5830854080236634
2.591120220724703
2.59893257368766
2.606519522799068
2.6138781977087095
2.621005803050681
2.6278996202001474
2.634557011284031
2.640975421764703
2.647152381445045
2.653085505412566
2.6587724950008127
2.6642111397784305
2.669399321279703
2.674335014551407
2.679016288806181
2.683441308066643
2.6876083318905546
2.6915157175829583
2.6951619230467236
2.69854550748701
2.701665131743111
2.7045195586201225
2.707107653648756
2.7094283873412497
2.7114808358092652
2.713264181152722
2.7147777120175287
2.716020824036684
2.7169930203232955
2.7176939125816952
2.7181232210736406
2.718280774323929