0.8408964152537146
0.845069449741072
0.8491799221206516
0.8532283467394846
0.8572151908877919
0.8611409142149247
0.8650059590290912
0.8688107517832745
0.8725557019556973
0.8762412057225082
0.8798676417196916
0.8834353780916887
0.8869447684919982
0.8903961539395658
0.8937898633103297
0.8971262135224276
0.9004055106132991
0.9036280494230513
0.9067941142520796
0.9099039794675767
0.9129579108662633
0.9159561637711229
0.9188989846403685
0.9217866115767639
0.9246192742477335
0.9273971942321746
0.9301205854880537