2.
2.009999832121261
2.0199986640258767
2.029995496290862
2.0399893293797047
2.049979163515343
2.059963999451138
2.069942839358039
2.0799146858190243
2.089878540753028
2.0998334070832434
2.10977829026874
2.1197121965338144
2.129634131649675
2.1395431026522
2.149438119478889
2.1593181934599737
2.1691823358020255
2.179029559243623
2.1888588797897808
2.1986693154508656
2.2084598844708854
2.2182296068895764
2.2279775064144056
2.2377026100093893
2.2474039455650536
2.2570805421281994
2.26673143065391
2.2763556447578384
2.2859522214684893
2.2955202019050556
2.305058629316929
2.3145665487045317
2.324043009700997
2.3334870661192975
2.3428977752639097
2.352274197242486
2.3616153942775218
2.3709204305814766
2.3801883748693213
2.3894183003088494
2.39860928406419
2.4077604072786816
2.4168707550578086
2.4259394164521386
2.434965484447521
2.4439480561953504
2.4528862333702723
2.4617791221914107
2.4706258334619613
2.479425482613503
2.4881771897503095
2.4968800796936628
2.5055332820379057
2.514135931344367
2.5226871673439097
2.531186134990238
2.539631984497094
2.5480238713754546
2.55636095647073
2.564642406000339
2.5728673916589115
2.581035090881498
2.5891446869502572
2.5971953690211715
2.60518633214974
2.6131167773166655
2.620985911453427
2.628792947410335
2.6365371040878585
2.6442176068773673
2.651833687740693
2.659384585233098
2.6668695445262367
2.6742878174311238
2.6816386624210975
2.6889213446547875
2.696135135999077
2.7032793150520704
2.7103531671661734
2.7173559846464928
2.7242870672302053
2.7311457218634634
2.7379312626953887
2.7446430111546376
2.751280296025971
2.7578424535268207
2.7643288273838555
2.7707387689095517
2.777071637078756
2.7833267986052563
2.7895036280183456
2.7956015077249403
2.8016198280110673
2.807557987084702
2.8134153911422364
2.8191914544327337
2.824885599322184
2.830497256357757
2.8360258643320577
2.841470870347381
2.8468317298799657
2.85210790684425
2.8572988736571228
2.8624041112702177
2.867423109142371
2.8723553653622798
2.877200386713587
2.8819576887167946
2.8866267956711686
2.891207240696651
2.8956985657757666
2.9001003217955335
2.90441206858937
2.9086333749790056
2.912763818816388
2.9168029870143433
2.9207504755822975
2.9246058897364
2.928368843942126
2.93203896194006
2.9356158767716747
2.939099230805115
2.9424886757609796
2.9457838727381014
2.94898449223933
2.9520902141973147
2.955100728000285
2.958015732525559
2.9608349362175446
2.9635580571367055
2.966184822977513
2.9687149710868894
2.971148248482652
2.973484411871957
2.9757232276697403
2.977864472017163
2.9799079308000533
2.9818533996673513
2.9837006840495506
2.9854495991760728
2.987099970107888
2.9886516317879948
2.9901044290555236
2.9914582166525707
2.992712859231031
2.9938682313594307
2.9949242175297637
2.995880712164323
2.996737619622535
2.997494854207792
2.998152340174289
2.998710011735612
2.99916781309119
2.999525698448532
2.9997836320228286
2.9999415880343023
2.9999995507055597
2.9999575142589436
2.9998154829138857
2.9995734708842567
2.99923150237572
2.998789611583083
2.998247842687649
2.997606249854568
2.9968648972303416
2.996023858958484
2.9950832191826704
2.9940430719939886
2.9929035214164084
2.9916646813975247
2.9903266757993068
2.988889638388839
2.98735371282907
2.9857190526695576
2.9839858213372126
2.9821541921270462
2.980224348192914
2.978196482538262
2.976070798004975
2.9738475072192516
2.971526832539681
2.9691090060499827
2.96659426953613
2.963982874462594
2.9612750819485893
2.958471162744317
2.9555713972072084
2.9525760752781705
2.9494854964578305
2.946299969782778
2.9430198138018104
2.939645356552179
2.9361769355303675
2.9326148976222046
2.928959599056392
2.9252114053744576
2.9213706913941917
2.9174378411730553
2.913413247971592
2.909297314216838
2.905090451465733
2.900793080368532
2.8964056306322132
2.8919285409838915
2.8873622591342265
2.8827072417407944
2.8779639543505775
2.8731328713087647
2.868214475731988
2.8632092594638965
2.8581177230244474
2.8529403755592
2.8476777347886055
2.8423303269572995
2.8368986867833943
2.83138335740777
2.825784890343367
2.8201038454244776
2.8143407907560376
2.8084963026623964
2.8025709656174533
2.796565372168183
2.790480122881329
2.7843158262826173
2.778073098795277
2.771752564678556
2.7653548559662418
2.758880612405176
2.7523304813937735
2.745705117920541
2.7390051845025942
2.732231351124175
2.7253842951751697
2.718464701386357
2.7114732617352564
2.7044106753726327
2.697277648559899
2.6900748945973274
2.6828031337521656
2.6754630931867553
2.668055506886649
2.6605811155887293
2.6530406667093254
2.6454349142723323
2.637764618837328
2.6300305474276904
2.6222334734587163
2.614374176658901
2.606453442970044
2.5984720644706982
2.5904308392986337
2.5823305715704654
2.5741720713012852
2.565956154324292
2.55768364221042
2.549355362187973
2.5409721470622513
2.5325348351351815
2.524044270124951
2.5155013010856324
2.506906782326991
2.498261573337761
2.4895665386831274
2.4808225478951784
2.4720304753850497
2.4631912003563987
2.4543056067188918
2.445374583001681
2.4363990222668885
2.4273798220230867
2.4183178841387796
2.409214114755884
2.400069424203212
2.39088472690995
2.381660941319142
2.37239898980117
2.3630997985672373
2.3537642975828406
2.3443934204668735
2.3349881043512246
2.3255492897919576
2.3160779206808377
2.306574944151962
2.297041310488383
2.2874779730287345
2.277885888073859
2.268266014793432
2.25861931513259
2.248946753718554
2.2392492977672567
2.229527916989969
2.2197835834999253
2.2100172717189484
2.2002299582840785
2.1904226219541956
2.1805962434983126
2.170751805498781
2.160890292350939
2.151012690212028
2.141119986883788
2.1312131716947706
2.1212932353826655
2.1113611699766106
2.101417968679518
2.091464625751994
2.0815021364974906
2.0715314972188352
2.0615537049829245
2.051569757525509
2.0415806531707363
2.031587390750699
2.021590969524973
2.0115923891001666
2.00159264934946